BBBBBBBBB:0,4,6;11,10,12;14,16,19
XBBBBOBBB:2,2,6;8,8,12;14,16,18
XBBBXOBBO:2,4,6;6,10,12;14,16,18
XXBBOOBBB:2,4,6;6,10,12;14,16,18
XXOXOOBBB:2,4,6;8,10,12;14,16,16
BBBXBBBOB:2,7,6;8,10,12;14,16,18
BXBXBOBOB:2,4,7;8,10,12;14,16,18
BXXXBOBOB:2,4,6;8,10,12;15,16,18
OXXXBOXOB:2,4,6;8,10,12;14,16,19
OBBBBBBBX:2,4,6;8,10,12;14,16,19
OBBBOBBBX:2,4,7;8,10,12;14,16,18
OBXBOBBBX:2,4,6;9,10,12;14,16,18
OBXXOBBBX:2,4,7;8,10,12;14,16,18
BXBXBBOOB:2,4,6;8,10,12;14,16,20
OXBXBBOOX:2,4,6;8,10,12;16,16,18
OXBXBBXOX:2,4,6;8,10,12;14,18,18
BOBXBBBBB::2,4,6;8,10,12;14,16,18
BOBXXBBBO::2,4,6;8,10,12;14,16,18
BXBXXOBBO::2,4,6;8,10,12;14,16,18
BXXXXOBBO::2,4,6;8,10,12;14,16,18
